13

1.0000000000000002 0.0000000000000000 0.0000000000000000 -0.0000000000000000 0.0000000000000000 0.0000000000000000 0.0000000000000000 0.0000000000000000 0.0000000000000000 0.0000000000000000 0.0000000000000000 0.0000000000000000 -0.0000000000000000
0.0000000000000000 1.0000000000000002 -0.0000000000000000 -0.0000000000000000 0.0000000000000000 0.0000000000000000 0.0000000000000000 0.0000000000000000 0.0000000000000000 0.0000000000000000 0.0000000000000000 0.0000000000000000 0.0000000000000000
0.0000000000000000 -0.0000000000000000 1.0000000000000000 0.0000000000000000 0.0000000000000000 0.0000000000000000 0.0000000000000000 -0.0000000000000000 0.0000000000000000 0.0000000000000000 0.0000000000000000 0.0000000000000000 -0.0000000000000000
-0.0000000000000000 -0.0000000000000000 0.0000000000000000 1.0000000000000000 0.0000000000000000 -0.0000000000000000 -0.0000000000000000 0.0000000000000000 -0.0000000000000000 0.0000000000000000 0.0000000000000000 -0.0000000000000000 0.0000000000000000
0.0000000000000000 0.0000000000000000 0.0000000000000000 0.0000000000000000 1.0000000000000000 0.0000000000000000 0.0000000000000000 0.0000000000000000 0.0000000000000000 0.0000000000000000 0.0000000000000000 0.0000000000000000 0.0000000000000000
0.0000000000000000 0.0000000000000000 0.0000000000000000 -0.0000000000000000 0.0000000000000000 1.0000000000000000 0.0000000000000001 -0.0000000000000000 0.0000000000000000 0.0000000000000000 0.0000000000000000 0.0000000000000001 0.0000000000000000
0.0000000000000000 0.0000000000000000 0.0000000000000000 -0.0000000000000000 0.0000000000000000 0.0000000000000001 1.0000000000000000 0.0000000000000000 0.0000000000000000 0.0000000000000000 -0.0000000000000000 0.0000000000000000 0.0000000000000000
0.0000000000000000 0.0000000000000000 -0.0000000000000000 0.0000000000000000 0.0000000000000000 -0.0000000000000000 0.0000000000000000 1.0000000000000000 0.0000000000000000 0.0000000000000000 0.0000000000000000 -0.0000000000000000 0.0000000000000000
0.0000000000000000 0.0000000000000000 0.0000000000000000 -0.0000000000000000 0.0000000000000000 0.0000000000000000 0.0000000000000000 0.0000000000000000 1.0000000000000000 -0.0000000000000000 -0.0000000000000000 0.0000000000000000 -0.0000000000000000
0.0000000000000000 0.0000000000000000 0.0000000000000000 0.0000000000000000 0.0000000000000000 0.0000000000000000 0.0000000000000000 0.0000000000000000 -0.0000000000000000 1.0000000000000000 0.0000000000000000 0.0000000000000000 0.0000000000000000
0.0000000000000000 0.0000000000000000 0.0000000000000000 0.0000000000000000 0.0000000000000000 0.0000000000000000 -0.0000000000000000 0.0000000000000000 -0.0000000000000000 0.0000000000000000 1.0000000000000002 -0.0000000000000000 0.0000000000000000
0.0000000000000000 0.0000000000000000 0.0000000000000000 -0.0000000000000000 0.0000000000000000 0.0000000000000001 0.0000000000000000 -0.0000000000000000 0.0000000000000000 0.0000000000000000 -0.0000000000000000 1.0000000000000000 0.0000000000000000
-0.0000000000000000 0.0000000000000000 0.0000000000000000 0.0000000000000000 0.0000000000000000 0.0000000000000001 0.0000000000000000 0.0000000000000000 0.0000000000000000 0.0000000000000000 -0.0000000000000000 0.0000000000000000 1.0000000000000000


1.0081472368639317 1.0090579193707563 1.0012698681629351 1.0091337585613902 1.0063235924622540 1.0009754040499941 1.0027849821886705 1.0054688151920499 1.0095750683543430 1.0096488853519927 1.0015761308167754 1.0097059278176062 1.0095716694824295



13

1.0629099692033335 -0.0130387362490607 -0.0217899402679256 -0.0056907300123693 -0.0234709702873156 -0.0010582139100590 -0.0092057037949501 -0.0015348677034207 -0.0032289353202638 -0.0273740688454754 -0.0230980700004798 -0.0105412842035674 -0.0315880703159109
-0.0130387362490608 1.0027024117977721 0.0045161885728790 0.0011794621525894 0.0048645992830916 0.0002193256846741 0.0019079765145231 0.0003181170713567 0.0006692299573398 0.0056735564849215 0.0047873118746120 0.0021847892503725 0.0065469515035801
-0.0217899402679255 0.0045161885728790 1.0075473172677152 0.0019710813503919 0.0081295706716664 0.0003665304272578 0.0031885524401997 0.0005316275941673 0.0011183967922498 0.0094814753939092 0.0080004103004416 0.0036511534825356 0.0109410666398204
-0.0056907300123693 0.0011794621525894 0.0019710813503919 1.0005147738662694 0.0021231444987956 0.0000957242506035 0.0008327324831710 0.0001388415511164 0.0002920840586590 0.0024762122301493 0.0020894125659908 0.0009535468407601 0.0028574037160721
-0.0234709702873156 0.0048645992830916 0.0081295706716664 0.0021231444987956 1.0087567432189881 0.0003948071753197 0.0034345399144410 0.0005726411047113 0.0012046778264447 0.0102129434277491 0.0086176185037279 0.0039328292711828 0.0117851378598209
-0.0010582139100590 0.0002193256846741 0.0003665304272578 0.0000957242506035 0.0003948071753197 1.0000178003056372 0.0001548499217384 0.0000258181393892 0.0000543141939800 0.0004604615261147 0.0003885345880718 0.0001773158326949 0.0005313456010792
-0.0092057037949501 0.0019079765145231 0.0031885524401997 0.0008327324831710 0.0034345399144410 0.0001548499217384 1.0013470835136866 0.0002245993380868 0.0004724946222009 0.0040056857862945 0.0033799728938378 0.0015425208631526 0.0046223265162070
-0.0015348677034207 0.0003181170713567 0.0005316275941673 0.0001388415511164 0.0005726411047113 0.0000258181393892 0.0002245993380868 1.0000374474649540 0.0000787790647852 0.0006678682999563 0.0005635431411594 0.0002571846224299 0.0007706808563929
-0.0032289353202638 0.0006692299573398 0.0011183967922498 0.0002920840586590 0.0012046778264447 0.0000543141939800 0.0004724946222009 0.0000787790647852 1.0001657292704873 0.0014050093947559 0.0011855382381990 0.0005410450095092 0.0016212984560898
-0.0273740688454754 0.0056735564849215 0.0094814753939092 0.0024762122301493 0.0102129434277491 0.0004604615261147 0.0040056857862945 0.0006678682999563 0.0014050093947559 1.0119113020503137 0.0100506830061717 0.0045868380347718 0.0137449441236991
-0.0230980700004798 0.0047873118746120 0.0080004103004416 0.0020894125659907 0.0086176185037279 0.0003885345880718 0.0033799728938378 0.0005635431411594 0.0011855382381990 0.0100506830061718 1.0084807041634791 0.0038703455670433 0.0115978988477763
-0.0105412842035674 0.0021847892503725 0.0036511534825356 0.0009535468407601 0.0039328292711828 0.0001773158326949 0.0015425208631526 0.0002571846224299 0.0005410450095092 0.0045868380347718 0.0038703455670433 1.0017663126221095 0.0052929421339574
-0.0315880703159109 0.0065469515035801 0.0109410666398204 0.0028574037160721 0.0117851378598210 0.0005313456010792 0.0046223265162070 0.0007706808563929 0.0016212984560898 0.0137449441236991 0.0115978988477762 0.0052929421339574 1.0158608595572172


1.0081472368639317 1.0090579193707563 1.0012698681629351 1.0091337585613902 1.0063235924622540 1.0009754040499941 1.0027849821886705 1.0054688151920499 1.0095750683543430 1.0096488853519927 1.0015761308167754 1.0097059278176062 1.0095716694824295



13

1.2586227889990087 -0.0019267101577371 -0.0016755829194644 -0.0033617046901755 -0.0034920556657462 -0.0008206358383266 -0.0021507604952509 -0.0019567555460531 -0.0028382309977369 -0.0031151179384415 -0.0033141451601180 -0.0012121416673249 -0.0029848590025423
-0.0019267101577371 1.0000143537700070 0.0000124829008439 0.0000250443149226 0.0000260154147613 0.0000061136430073 0.0000160229193610 0.0000145776047090 0.0000211444958679 0.0000232072718640 0.0000246900018707 0.0000090303165938 0.0000222368577102
-0.0016755829194644 0.0000124829008439 1.0000108558806082 0.0000217800410432 0.0000226245678116 0.0000053167912971 0.0000139344934127 0.0000126775609497 0.0000183885240728 0.0000201824380208 0.0000214719091245 0.0000078533058962 0.0000193385075654
-0.0033617046901755 0.0000250443149226 0.0000217800410432 1.0000436970711966 0.0000453914365214 0.0000106670234177 0.0000279566300877 0.0000254348594805 0.0000368927057580 0.0000404918167675 0.0000430788693129 0.0000157560064368 0.0000387986478189
-0.0034920556657462 0.0000260154147613 0.0000226245678116 0.0000453914365214 1.0000471515013036 0.0000110806400311 0.0000290406557061 0.0000264211027864 0.0000383232300397 0.0000420618975166 0.0000447492636989 0.0000163669496931 0.0000403030755007
-0.0008206358383266 0.0000061136430073 0.0000053167912971 0.0000106670234177 0.0000110806400311 1.0000026039591552 0.0000068245770177 0.0000062089800135 0.0000090059893144 0.0000098845791231 0.0000105161122974 0.0000038462460991 0.0000094712545608
-0.0021507604952509 0.0000160229193610 0.0000139344934127 0.0000279566300877 0.0000290406557061 0.0000068245770177 1.0000178861682136 0.0000162727830119 0.0000236033148120 0.0000259059637627 0.0000275611152191 0.0000100804203017 0.0000248227035652
-0.0019567555460531 0.0000145776047090 0.0000126775609497 0.0000254348594805 0.0000264211027864 0.0000062089800135 0.0000162727830119 1.0000148049299207 0.0000214742261008 0.0000235691693150 0.0000250750212213 0.0000091711366168 0.0000225836223868
-0.0028382309977369 0.0000211444958679 0.0000183885240728 0.0000368927057580 0.0000383232300397 0.0000090059893144 0.0000236033148120 0.0000214742261008 1.0000311478939177 0.0000341865630970 0.0000363707682560 0.0000133025324920 0.0000327570488960
-0.0031151179384415 0.0000232072718640 0.0000201824380208 0.0000404918167675 0.0000420618975166 0.0000098845791231 0.0000259059637627 0.0000235691693150 0.0000341865630970 1.0000375216731980 0.0000399189610428 0.0000146002765897 0.0000359527010689
-0.0033141451601180 0.0000246900018707 0.0000214719091245 0.0000430788693129 0.0000447492636989 0.0000105161122974 0.0000275611152191 0.0000250750212213 0.0000363707682560 0.0000399189610428 1.0000424694134065 0.0000155330992124 0.0000382497461076
-0.0012121416673249 0.0000090303165938 0.0000078533058962 0.0000157560064368 0.0000163669496931 0.0000038462460991 0.0000100804203017 0.0000091711366168 0.0000133025324920 0.0000146002765897 0.0000155330992124 1.0000056811985802 0.0000139897647151
-0.0029848590025423 0.0000222368577102 0.0000193385075654 0.0000387986478189 0.0000403030755007 0.0000094712545608 0.0000248227035652 0.0000225836223868 0.0000327570488960 0.0000359527010689 0.0000382497461076 0.0000139897647151 1.0000344493356503


1.0081472368639317 1.0090579193707563 1.0012698681629351 1.0091337585613902 1.0063235924622540 1.0009754040499941 1.0027849821886705 1.0054688151920499 1.0095750683543430 1.0096488853519927 1.0015761308167754 1.0097059278176062 1.0095716694824295



13

1.2647609933582247 -0.0163156648685946 -0.0119396443935758 -0.0500034074721809 -0.0962960069767691 -0.0341526362515627 -0.0587228988852055 -0.0224561935456681 -0.0753784562459446 -0.0255949941648879 -0.0507652518619900 -0.0701419335489542 -0.0893888677918427
-0.0163156648685946 1.0010054385909637 0.0007357701529402 0.0030814162926940 0.0059341572868743 0.0021046263665644 0.0036187473319646 0.0013838433051189 0.0046451315007602 0.0015772691506068 0.0031283642875194 0.0043224353652109 0.0055085108700341
-0.0119396443935758 0.0007357701529402 1.0005384294205759 0.0022549503841645 0.0043425584155756 0.0015401450446860 0.0026481639971060 0.0010126830314684 0.0033992619195819 0.0011542301783516 0.0022893064688059 0.0031631160354472 0.0040310745198592
-0.0500034074721809 0.0030814162926940 0.0022549503841645 1.0094437655906734 0.0181866989307159 0.0064501502471154 0.0110905500227206 0.0042411315273278 0.0142361592411392 0.0048339330739077 0.0095876493817517 0.0132471767825312 0.0168821997643164
-0.0962960069767691 0.0059341572868743 0.0043425584155756 0.0181866989307160 1.0350237428937410 0.0124216277369295 0.0213580581075054 0.0081675240106820 0.0274158374180765 0.0093091346478582 0.0184637887381901 0.0255112659788799 0.0325115528815164
-0.0341526362515627 0.0021046263665644 0.0015401450446860 0.0064501502471154 0.0124216277369295 1.0044054924712922 0.0075749141889273 0.0028967190371665 0.0097233847203803 0.0033016061561288 0.0065484237654136 0.0090479035906831 0.0115306467463780
-0.0587228988852055 0.0036187473319646 0.0026481639971060 0.0110905500227206 0.0213580581075054 0.0075749141889273 1.0130244973390634 0.0049806913254199 0.0167186314271923 0.0056768643871891 0.0112595239735340 0.0155571922403050 0.0198260830578663
-0.0224561935456681 0.0013838433051189 0.0010126830314684 0.0042411315273278 0.0081675240106820 0.0028967190371665 0.0049806913254199 1.0019046636068412 0.0063933632411718 0.0021708867891627 0.0043057487689095 0.0059492178793556 0.0075816822202574
-0.0753784562459446 0.0046451315007602 0.0033992619195819 0.0142361592411392 0.0274158374180765 0.0097233847203803 0.0167186314271923 0.0063933632411718 1.0214605316060814 0.0072869916497209 0.0144530592205322 0.0199696737875285 0.0254493487664375
-0.0255949941648879 0.0015772691506068 0.0011542301783516 0.0048339330739077 0.0093091346478582 0.0033016061561288 0.0056768643871891 0.0021708867891627 0.0072869916497209 1.0024743211527927 0.0049075821506255 0.0067807661435625 0.0086414071820715
-0.0507652518619900 0.0031283642875194 0.0022893064688059 0.0095876493817517 0.0184637887381901 0.0065484237654136 0.0112595239735340 0.0043057487689095 0.0144530592205322 0.0049075821506255 1.0097337253646137 0.0134490087740449 0.0171394144188424
-0.0701419335489542 0.0043224353652109 0.0031631160354472 0.0132471767825312 0.0255112659788799 0.0090479035906831 0.0155571922403050 0.0059492178793556 0.0199696737875285 0.0067807661435625 0.0134490087740449 1.0185823854925986 0.0236813888071057
-0.0893888677918427 0.0055085108700341 0.0040310745198592 0.0168821997643163 0.0325115528815164 0.0115306467463780 0.0198260830578663 0.0075816822202574 0.0254493487664375 0.0086414071820715 0.0171394144188424 0.0236813888071057 1.0301795577352906


1.0081472368639317 1.0090579193707563 1.0012698681629351 1.0091337585613902 1.0063235924622540 1.0009754040499941 1.0027849821886705 1.0054688151920499 1.0095750683543430 1.0096488853519927 1.0015761308167754 1.0097059278176062 1.0095716694824295



13

1.1637845735244083 -0.0831272452742379 -0.0210583717548850 -0.0226791798451008 -0.0391179537651290 -0.1277129498665015 -0.0386278822562517 -0.1236976122811978 -0.0369937596744419 -0.1411639854852463 -0.0531658638396924 -0.0298646889707722 -0.0381420268678341
-0.0831272452742379 1.0421904136524405 0.0106879689355087 0.0115105940995187 0.0198539317060626 0.0648194483753808 0.0196052007441427 0.0627815033776935 0.0187758179412133 0.0716463888680718 0.0269838099432498 0.0151575284026505 0.0193586096325886
-0.0210583717548850 0.0106879689355087 1.0027075506039700 0.0029159437302125 0.0050295360237558 0.0164205133507338 0.0049665257670610 0.0159042469541303 0.0047564207487415 0.0181499613839181 0.0068357263526958 0.0038398104849405 0.0049040575921393
-0.0226791798451008 0.0115105940995188 0.0029159437302125 1.0031403763332432 0.0054166463270699 0.0176843575450595 0.0053487863348397 0.0171283554669864 0.0051225100798524 0.0195469166941659 0.0073618544267897 0.0041353507086258 0.0052815101470064
-0.0391179537651290 0.0198539317060626 0.0050295360237558 0.0054166463270699 1.0093428475823014 0.0305026850855495 0.0092257999616778 0.0295436705298234 0.0088355096539508 0.0337153013784310 0.0126980200809590 0.0071328178059122 0.0091097593101581
-0.1277129498665015 0.0648194483753808 0.0164205133507338 0.0176843575450595 0.0305026850855495 1.0995856765544088 0.0301205460556186 0.0964546697892782 0.0288463197296864 0.1100742799720761 0.0414567083886932 0.0232873428994489 0.0297416945952636
-0.0386278822562517 0.0196052007441427 0.0049665257670610 0.0053487863348397 0.0092257999616778 0.0301205460556186 1.0091102187189838 0.0291735460779858 0.0087248179860325 0.0332929145450606 0.0125389387062482 0.0070434575391232 0.0089956318300387
-0.1236976122811978 0.0627815033776935 0.0159042469541303 0.0171283554669864 0.0295436705298234 0.0964546697892782 0.0291735460779858 1.0934221029173379 0.0279393818511911 0.1066135080299268 0.0401532957000810 0.0225551810998526 0.0288066058334441
-0.0369937596744419 0.0187758179412133 0.0047564207487415 0.0051225100798524 0.0088355096539507 0.0288463197296864 0.0087248179860325 0.0279393818511911 1.0083557213319996 0.0318844836320887 0.0120084886350825 0.0067454895339826 0.0086150786064994
-0.1411639854852464 0.0716463888680718 0.0181499613839181 0.0195469166941659 0.0337153013784310 0.1100742799720762 0.0332929145450606 0.1066135080299269 0.0318844836320887 1.1216675683751693 0.0458230288108207 0.0257400219671069 0.0328741615360156
-0.0531658638396924 0.0269838099432498 0.0068357263526958 0.0073618544267897 0.0126980200809590 0.0414567083886933 0.0125389387062482 0.0401532957000810 0.0120084886350825 0.0458230288108207 1.0172580910216154 0.0096943317265360 0.0123812259200526
-0.0298646889707722 0.0151575284026505 0.0038398104849405 0.0041353507086258 0.0071328178059122 0.0232873428994489 0.0070434575391232 0.0225551810998526 0.0067454895339826 0.0257400219671069 0.0096943317265360 1.0054455656483916 0.0069548660451404
-0.0381420268678341 0.0193586096325886 0.0049040575921393 0.0052815101470064 0.0091097593101581 0.0297416945952637 0.0089956318300387 0.0288066058334442 0.0086150786064994 0.0328741615360156 0.0123812259200526 0.0069548660451404 1.0088824861968442


1.0081472368639317 1.0090579193707563 1.0012698681629351 1.0091337585613902 1.0063235924622540 1.0009754040499941 1.0027849821886705 1.0054688151920499 1.0095750683543430 1.0096488853519927 1.0015761308167754 1.0097059278176062 1.0095716694824295



13

1.5426066030839749 -0.0823886836397663 -0.0612158176629340 -0.1446281211596361 -0.1018809933162131 -0.0956942141312053 -0.1596622839960525 -0.0497579872166668 -0.1318111133883552 -0.1312068687917917 -0.0662268561813455 -0.0988446645848146 -0.0132044840693360
-0.0823886836397663 1.0125097909854277 0.0092949304459543 0.0219601465443113 0.0154694780334908 0.0145300854973041 0.0242429143519242 0.0075551883151541 0.0200140286893595 0.0199222809726447 0.0100558000425526 0.0150084458126227 0.0020049517540547
-0.0612158176629340 0.0092949304459543 1.0069062490409124 0.0163166622807773 0.0114940147700316 0.0107960344204419 0.0180127871817242 0.0056135989783719 0.0148706724858656 0.0148025027901104 0.0074715846238222 0.0111514620901903 0.0014897041144125
-0.1446281211596361 0.0219601465443113 0.0163166622807773 1.0385496477766401 0.0271556898892381 0.0255066457300414 0.0425569022255920 0.0132626550486670 0.0351333610187698 0.0349723037072200 0.0176523207151887 0.0263463769963443 0.0035195659451547
-0.1018809933162131 0.0154694780334908 0.0114940147700316 0.0271556898892381 1.0191293963989816 0.0179677533131545 0.0299785369293335 0.0093426676605793 0.0247491406956641 0.0246356864189303 0.0124348982368009 0.0185592887271781 0.0024793025841668
-0.0956942141312053 0.0145300854973041 0.0107960344204419 0.0255066457300414 0.0179677533131545 1.0168766516406949 0.0281580738357344 0.0087753290438904 0.0232462355558651 0.0231396708522980 0.0116797822227633 0.0174322657423367 0.0023287455752314
-0.1596622839960525 0.0242429143519242 0.0180127871817242 0.0425569022255920 0.0299785369293335 0.0281580738357344 1.0469807127041006 0.0146413144272590 0.0387854908142179 0.0386076915175797 0.0194872879535439 0.0290850955715200 0.0038854265199080
-0.0497579872166668 0.0075551883151541 0.0056135989783719 0.0132626550486670 0.0093426676605793 0.0087753290438904 0.0146413144272590 1.0045628956186343 0.0120873127192250 0.0120319024187593 0.0060731200920558 0.0090642309343327 0.0012108745927351
-0.1318111133883552 0.0200140286893595 0.0148706724858656 0.0351333610187698 0.0247491406956641 0.0232462355558651 0.0387854908142179 0.0120873127192250 1.0320198270974394 0.0318730427557465 0.0160879642817812 0.0240115494676473 0.0032076604615676
-0.1312068687917917 0.0199222809726447 0.0148025027901104 0.0349723037072200 0.0246356864189303 0.0231396708522980 0.0386076915175797 0.0120319024187593 0.0318730427557465 1.0317269312984789 0.0160142143130792 0.0239014764347445 0.0031929559996168
-0.0662268561813454 0.0100558000425526 0.0074715846238222 0.0176523207151887 0.0124348982368009 0.0116797822227633 0.0194872879535439 0.0060731200920558 0.0160879642817812 0.0160142143130792 1.0080831977619442 0.0120643046887853 0.0016116491440364
-0.0988446645848146 0.0150084458126227 0.0111514620901903 0.0263463769963443 0.0185592887271781 0.0174322657423367 0.0290850955715200 0.0090642309343327 0.0240115494676473 0.0239014764347445 0.0120643046887853 1.0180061718035756 0.0024054126717788
-0.0132044840693360 0.0020049517540547 0.0014897041144125 0.0035195659451547 0.0024793025841668 0.0023287455752314 0.0038854265199080 0.0012108745927351 0.0032076604615676 0.0031929559996168 0.0016116491440364 0.0024054126717788 1.0003213348281175


1.0081472368639317 1.0090579193707563 1.0012698681629351 1.0091337585613902 1.0063235924622540 1.0009754040499941 1.0027849821886705 1.0054688151920499 1.0095750683543430 1.0096488853519927 1.0015761308167754 1.0097059278176062 1.0095716694824295



13

1.9919278366715560 -0.0163896577213153 -0.0240586719675805 -0.0288398379679589 -0.0040111682517916 -0.0175638057346568 -0.0144935708556342 -0.0003675051706528 -0.0104094766836820 -0.0050077708623031 -0.0245254554798623 -0.0096095168259996 -0.0163197383563936
-0.0163896577213153 1.0002708068775681 0.0003975222634152 0.0004765216334882 0.0000662766708212 0.0002902073655285 0.0002394777691497 0.0000060723005597 0.0001719961408444 0.0000827435699913 0.0004052349434242 0.0001587783766346 0.0002696515974996
-0.0240586719675805 0.0003975222634152 1.0005835300466879 0.0006994946362206 0.0000972887115463 0.0004260005869888 0.0003515337043315 0.0000089136386945 0.0002524762141240 0.0001214607676192 0.0005948516277411 0.0002330736214235 0.0003958264071214
-0.0288398379679589 0.0004765216334882 0.0006994946362206 1.0008385048017296 0.0001166228410648 0.0005106594378762 0.0004213937945893 0.0000106850409699 0.0003026506665002 0.0001455985958960 0.0007130661485449 0.0002793922077459 0.0004744887606515
-0.0040111682517916 0.0000662766708212 0.0000972887115463 0.0001166228410648 1.0000162204044982 0.0000710247029461 0.0000586092547481 0.0000014861212866 0.0000420939516442 0.0000202504766501 0.0000991762956383 0.0000388590655313 0.0000659939301556
-0.0175638057346568 0.0002902073655285 0.0004260005869888 0.0005106594378762 0.0000710247029461 1.0003109976960824 0.0002566338532893 0.0000065073175540 0.0001843178702245 0.0000886712836736 0.0004342658000685 0.0001701531910851 0.0002889693216939
-0.0144935708556342 0.0002394777691497 0.0003515337043315 0.0004213937945893 0.0000586092547481 0.0002566338532893 1.0002117730628997 0.0000053698081995 0.0001520982497994 0.0000731711311431 0.0003583541197483 0.0001404096224111 0.0002384561411318
-0.0003675051706528 0.0000060723005597 0.0000089136386945 0.0000106850409699 0.0000014861212866 0.0000065073175540 0.0000053698081995 1.0000001361591493 0.0000038566681603 0.0000018553584417 0.0000090865800598 0.0000035602863338 0.0000060463957235
-0.0104094766836820 0.0001719961408444 0.0002524762141240 0.0003026506665002 0.0000420939516442 0.0001843178702245 0.0001520982497994 0.0000038566681603 1.0001092389998771 0.0000525524862810 0.0002573747278139 0.0001008440711548 0.0001712623939205
-0.0050077708623031 0.0000827435699913 0.0001214607676192 0.0001455985958960 0.0000202504766501 0.0000886712836736 0.0000731711311431 0.0000018553584417 0.0000525524862810 1.0000252818482174 0.0001238173350885 0.0000485138702464 0.0000823905804437
-0.0245254554798623 0.0004052349434242 0.0005948516277411 0.0007130661485449 0.0000991762956383 0.0004342658000685 0.0003583541197483 0.0000090865800598 0.0002573747278139 0.0001238173350885 1.0006063928687727 0.0002375956883012 0.0004035061843268
-0.0096095168259996 0.0001587783766346 0.0002330736214235 0.0002793922077459 0.0000388590655313 0.0001701531910851 0.0001404096224111 0.0000035602863338 0.0001008440711548 0.0000485138702464 0.0002375956883012 1.0000930942859101 0.0001581010175679
-0.0163197383563936 0.0002696515974996 0.0003958264071214 0.0004744887606515 0.0000659939301556 0.0002889693216939 0.0002384561411318 0.0000060463957235 0.0001712623939205 0.0000823905804437 0.0004035061843268 0.0001581010175679 1.0002685012459325


1.0081472368639317 1.0090579193707563 1.0012698681629351 1.0091337585613902 1.0063235924622540 1.0009754040499941 1.0027849821886705 1.0054688151920499 1.0095750683543430 1.0096488853519927 1.0015761308167754 1.0097059278176062 1.0095716694824295



13

2.2050744910760485 -0.0607165310277950 -0.0265235600257782 -0.0659711050215729 -0.0695148988477494 -0.0754593556301845 -0.0454420989458520 -0.0084543122441404 -0.0230948576187760 -0.0921201657965712 -0.0153690070754564 -0.0832927679197116 -0.0542977835812486
-0.0607165310277950 1.0030591446150001 0.0013363643220385 0.0033238913234347 0.0035024420017509 0.0038019477977385 0.0022895568954831 0.0004259624740971 0.0011636124153129 0.0046413868572380 0.0007743527905317 0.0041966268187059 0.0027357421354157
-0.0265235600257782 0.0013363643220385 1.0005837807053846 0.0014520169308738 0.0015300154520969 0.0016608523069612 0.0010001757136286 0.0001860785038142 0.0005083153339271 0.0020275549480001 0.0003382701938521 0.0018332648695094 0.0011950883806345
-0.0659711050215729 0.0033238913234347 0.0014520169308738 1.0036115499332172 0.0038055528736268 0.0041309787170865 0.0024877013862277 0.0004628264269749 0.0012643146035446 0.0050430651195211 0.0008413673904481 0.0045598143356782 0.0029725007122827
-0.0695148988477494 0.0035024420017509 0.0015300154520969 0.0038055528736268 1.0040099771404982 0.0043528840022700 0.0026213341457668 0.0004876882423708 0.0013322302506286 0.0053139652814893 0.0008865634283626 0.0048047555396494 0.0031321756134237
-0.0754593556301845 0.0038019477977385 0.0016608523069612 0.0041309787170865 0.0043528840022701 1.0047251140027353 0.0028454933950807 0.0005293921321574 0.0014461538163732 0.0057683806296056 0.0009623764996918 0.0052156266209432 0.0034000186640161
-0.0454420989458520 0.0022895568954831 0.0010001757136286 0.0024877013862277 0.0026213341457668 0.0028454933950807 1.0017135740337186 0.0003188032742891 0.0008708829311586 0.0034737551247127 0.0005795491858754 0.0031408831813390 0.0020475126411781
-0.0084543122441404 0.0004259624740971 0.0001860785038142 0.0004628264269749 0.0004876882423708 0.0005293921321574 0.0003188032742891 1.0000593120143615 0.0001620241229808 0.0006462775964420 0.0001078226994767 0.0005843481651024 0.0003809311540158
-0.0230948576187760 0.0011636124153129 0.0005083153339271 0.0012643146035446 0.0013322302506286 0.0014461538163732 0.0008708829311586 0.0001620241229808 1.0004426053761666 0.0017654527820850 0.0002945419829049 0.0015962785952442 0.0010405992244548
-0.0921201657965711 0.0046413868572380 0.0020275549480001 0.0050430651195211 0.0053139652814893 0.0057683806296056 0.0034737551247127 0.0006462775964420 0.0017654527820850 1.0070419920172820 0.0011748613802749 0.0063671944325762 0.0041507150495108
-0.0153690070754564 0.0007743527905317 0.0003382701938521 0.0008413673904481 0.0008865634283626 0.0009623764996918 0.0005795491858754 0.0001078226994767 0.0002945419829049 0.0011748613802749 1.0001960097738642 0.0010622805054560 0.0006924908179715
-0.0832927679197116 0.0041966268187059 0.0018332648695094 0.0045598143356782 0.0048047555396494 0.0052156266209432 0.0031408831813390 0.0005843481651024 0.0015962785952442 0.0063671944325762 0.0010622805054560 1.0057570592018192 0.0037529735463484
-0.0542977835812487 0.0027357421354156 0.0011950883806344 0.0029725007122827 0.0031321756134237 0.0034000186640160 0.0020475126411782 0.0003809311540158 0.0010405992244548 0.0041507150495108 0.0006924908179715 0.0037529735463484 1.0024465286782425


1.0081472368639317 1.0090579193707563 1.0012698681629351 1.0091337585613902 1.0063235924622540 1.0009754040499941 1.0027849821886705 1.0054688151920499 1.0095750683543430 1.0096488853519927 1.0015761308167754 1.0097059278176062 1.0095716694824295



13

1.5540319506274165 -0.0283458767481389 -0.1605119130533949 -0.0386715168621525 -0.3487772309193154 -0.0016803358828856 -0.2809768846323378 -0.2963481888513063 -0.3149823665118746 -0.0306158219605223 -0.1449582737480402 -0.0942271133585888 -0.2900989976301945
-0.0283458767481389 1.0014502570252688 0.0082122536414498 0.0019785466332705 0.0178444517306271 0.0000859708429772 0.0143755899489999 0.0151620303237032 0.0161154087392824 0.0015663939865799 0.0074164844764489 0.0048209316061479 0.0148423036293698
-0.1605119130533950 0.0082122536414498 1.0465028672134953 0.0112037566519247 0.1010463394772213 0.0004868201677336 0.0814034952768441 0.0858568078403492 0.0912554270013696 0.0088698930576485 0.0419967292605891 0.0272991010889504 0.0840463172417454
-0.0386715168621525 0.0019785466332705 0.0112037566519247 1.0026992779292352 0.0243447053032896 0.0001172877076051 0.0196122305214158 0.0206851499615743 0.0219858184786101 0.0021369891643509 0.0101181101942002 0.0065770672593739 0.0202489554363157
-0.3487772309193154 0.0178444517306271 0.1010463394772213 0.0243447053032896 1.2195641545040634 0.0010578142570722 0.1768821088087503 0.1865587365105261 0.1982894261892561 0.0192734400852104 0.0912549271922508 0.0593183689812686 0.1826247113931726
-0.0016803358828856 0.0000859708429772 0.0004868201677336 0.0001172877076051 0.0010578142570722 1.0000050963282463 0.0008521810718217 0.0008988010438587 0.0009553170576656 0.0000928554105337 0.0004396471875388 0.0002857835176073 0.0008798477321662
-0.2809768846323378 0.0143755899489999 0.0814034952768441 0.0196122305214158 0.1768821088087502 0.0008521810718217 1.1424972144806611 0.1502927597868313 0.1597430688905259 0.0155267909462335 0.0735154788695510 0.0477872092564553 0.1471234871865935
-0.2963481888513063 0.0151620303237032 0.0858568078403492 0.0206851499615743 0.1865587365105261 0.0008988010438587 0.1502927597868313 1.1585147732653227 0.1684820771260287 0.0163762096715183 0.0775372644765261 0.0504014874103954 0.1551721203766859
-0.3149823665118746 0.0161154087392824 0.0912554270013696 0.0219858184786101 0.1982894261892561 0.0009553170576656 0.1597430688905259 0.1684820771260287 1.1790761184459955 0.0174059348795873 0.0824127562660002 0.0535706995267328 0.1649292404396573
-0.0306158219605223 0.0015663939865799 0.0088698930576485 0.0021369891643509 0.0192734400852104 0.0000928554105337 0.0155267909462335 0.0163762096715183 0.0174059348795873 1.0016918312260816 0.0080103984901030 0.0052069930681318 0.0160308791800076
-0.1449582737480402 0.0074164844764489 0.0419967292605891 0.0101181101942002 0.0912549271922508 0.0004396471875388 0.0735154788695510 0.0775372644765261 0.0824127562660002 0.0080103984901030 1.0379272370559418 0.0246538122526214 0.0759022108109244
-0.0942271133585888 0.0048209316061479 0.0272991010889504 0.0065770672593739 0.0593183689812686 0.0002857835176073 0.0477872092564553 0.0504014874103954 0.0535706995267328 0.0052069930681318 0.0246538122526214 1.0160256983046514 0.0493386547544008
-0.2900989976301945 0.0148423036293698 0.0840463172417454 0.0202489554363157 0.1826247113931726 0.0008798477321662 0.1471234871865935 0.1551721203766860 0.1649292404396573 0.0160308791800076 0.0759022108109244 0.0493386547544008 1.1518999551032016


1.0081472368639317 1.0090579193707563 1.0012698681629351 1.0091337585613902 1.0063235924622540 1.0009754040499941 1.0027849821886705 1.0054688151920499 1.0095750683543430 1.0096488853519927 1.0015761308167754 1.0097059278176062 1.0095716694824295



13

2.4804811310437085 -0.3383162383410417 -0.0675582991107097 -0.0980058706870308 -0.0540694344079320 -0.0505510619260358 -0.3229522281802233 -0.2153670382991870 -0.2042794998160081 -0.0538524038986317 -0.3169110429774056 -0.2311007610541238 -0.1303829165822220
-0.3383162383410417 1.0773112704547214 0.0154382714812050 0.0223960824700277 0.0123558262746809 0.0115518156606999 0.0738003212001523 0.0492151941231872 0.0466814946160234 0.0123062309478834 0.0724198030631208 0.0528106292732445 0.0297948126167160
-0.0675582991107097 0.0154382714812050 1.0030828652139014 0.0044722690398710 0.0024673323731609 0.0023067796612548 0.0147371707564340 0.0098277718553203 0.0093218179288964 0.0024574286926910 0.0144614953774256 0.0105457435509498 0.0059497199205630
-0.0980058706870309 0.0223960824700277 0.0044722690398710 1.0064878575536800 0.0035793242383095 0.0033464126859371 0.0213790055472074 0.0142570098755117 0.0135230296578416 0.0035649571088787 0.0209790871670479 0.0152985612775609 0.0086311746866687
-0.0540694344079320 0.0123558262746809 0.0024673323731609 0.0035793242383095 1.0019746984111393 0.0018462020688735 0.0117947091336286 0.0078655335125677 0.0074605996554648 0.0019667721251224 0.0115740758136756 0.0084401531228095 0.0047617834555496
-0.0505510619260358 0.0115518156606999 0.0023067796612548 0.0033464126859371 0.0018462020688735 1.0017260671603752 0.0110272111839619 0.0073537124260503 0.0069751281721089 0.0018387915571923 0.0108209347776702 0.0078909407477319 0.0044519276551661
-0.3229522281802235 0.0738003212001523 0.0147371707564340 0.0213790055472074 0.0117947091336286 0.0110272111839619 1.0704488152530811 0.0469801765364373 0.0445615403356150 0.0117473660874445 0.0691309908099394 0.0504123316073327 0.0284417359626730
-0.2153670382991870 0.0492151941231872 0.0098277718553203 0.0142570098755117 0.0078655335125677 0.0073537124260503 0.0469801765364373 1.0313296537275447 0.0297167386588690 0.0078339618720865 0.0461013594156608 0.0336184537670039 0.0189669304122283
-0.2042794998160081 0.0466814946160234 0.0093218179288964 0.0135230296578416 0.0074605996554648 0.0069751281721089 0.0445615403356150 0.0297167386588690 1.0281868597782529 0.0074306533880284 0.0437279665293366 0.0318877065606054 0.0179904737895523
-0.0538524038986317 0.0123062309478834 0.0024574286926910 0.0035649571088787 0.0019667721251224 0.0018387915571923 0.0117473660874445 0.0078339618720865 0.0074306533880284 1.0019588776546018 0.0115276183724978 0.0084062750038524 0.0047426700266807
-0.3169110429774056 0.0724198030631208 0.0144614953774256 0.0209790871670479 0.0115740758136756 0.0108209347776702 0.0691309908099394 0.0461013594156608 0.0437279665293366 0.0115276183724978 1.0678378177574095 0.0494693121599617 0.0279097012546038
-0.2311007610541238 0.0528106292732444 0.0105457435509498 0.0152985612775609 0.0084401531228095 0.0078909407477319 0.0504123316073327 0.0336184537670039 0.0318877065606054 0.0084062750038524 0.0494693121599616 1.0360744629836274 0.0203525668911198
-0.1303829165822220 0.0297948126167160 0.0059497199205630 0.0086311746866687 0.0047617834555496 0.0044519276551661 0.0284417359626730 0.0189669304122283 0.0179904737895523 0.0047426700266807 0.0279097012546038 0.0203525668911198 1.0114825542724089


1.0081472368639317 1.0090579193707563 1.0012698681629351 1.0091337585613902 1.0063235924622540 1.0009754040499941 1.0027849821886705 1.0054688151920499 1.0095750683543430 1.0096488853519927 1.0015761308167754 1.0097059278176062 1.0095716694824295



13

2.4608864466859615 -0.2477212199854665 -0.0468347070320971 -0.1479122298715000 -0.0760281388588036 -0.1133821572773095 -0.1479346538725507 -0.2572519679314162 -0.0306127678511524 -0.5565392358152850 -0.5824767441284527 -0.3026257357221494 -0.3016322479514766
-0.2477212199854666 1.0420058677183959 0.0079417197619789 0.0250813457251652 0.0128920241227865 0.0192261119192633 0.0250851481431491 0.0436219882005185 0.0051909799125198 0.0943718649582201 0.0987700652545517 0.0513159777901652 0.0511475129494173
-0.0468347070320971 0.0079417197619789 1.0015014786315244 0.0047419332065205 0.0024373938287437 0.0036349301006907 0.0047426520998486 0.0082472669787786 0.0009814178350431 0.0178421479098568 0.0186736811243277 0.0097019092107208 0.0096700588853345
-0.1479122298715000 0.0250813457251652 0.0047419332065205 1.0149758578397314 0.0076977177638250 0.0114797476207492 0.0149781282311131 0.0260463174957136 0.0030994898786790 0.0563486365193961 0.0589747644437220 0.0306403331269926 0.0305397442059004
-0.0760281388588036 0.0128920241227865 0.0024373938287437 0.0076977177638250 1.0039566921244605 0.0059006875018555 0.0076988847642236 0.0133880277854303 0.0015931640479789 0.0289636764013545 0.0303135283957777 0.0157493907277497 0.0156976871703962
-0.1133821572773095 0.0192261119192633 0.0036349301006907 0.0114797476207492 0.0059006875018555 1.0087998034467494 0.0114814879898380 0.0199658112744250 0.0023759147516681 0.0431940615982502 0.0452071206238962 0.0234873551203437 0.0234102486573992
-0.1479346538725507 0.0250851481431491 0.0047426520998486 0.0149781282311131 0.0076988847642236 0.0114814879898380 1.0149803989666939 0.0260502662067255 0.0030999597719688 0.0563571791658399 0.0589837052201608 0.0306449783065212 0.0305443741358038
-0.2572519679314162 0.0436219882005185 0.0082472669787786 0.0260463174957136 0.0133880277854303 0.0199658112744250 0.0260502662067255 1.0453002867914292 0.0053906960334949 0.0980026982722122 0.1025701135370580 0.0532902925055001 0.0531153462016986
-0.0306127678511524 0.0051909799125198 0.0009814178350431 0.0030994898786790 0.0015931640479789 0.0023759147516681 0.0030999597719688 0.0053906960334949 1.0006414882947503 0.0116622386803027 0.0122057572559111 0.0063414999943783 0.0063206815313447
-0.5565392358152852 0.0943718649582200 0.0178421479098568 0.0563486365193961 0.0289636764013545 0.0431940615982502 0.0563571791658399 0.0980026982722122 0.0116622386803027 1.2120191625464805 0.2219003145609368 0.1152882868335955 0.1149098077766254
-0.5824767441284529 0.0987700652545517 0.0186736811243277 0.0589747644437220 0.0303135283957777 0.0452071206238962 0.0589837052201608 0.1025701135370580 0.0122057572559111 0.2219003145609368 1.2322419776158111 0.1206612968672487 0.1202651787957138
-0.3026257357221494 0.0513159777901652 0.0097019092107208 0.0306403331269926 0.0157493907277497 0.0234873551203437 0.0306449783065212 0.0532902925055001 0.0063414999943783 0.1152882868335955 0.1206612968672487 1.0626895650439687 0.0624837619384551
-0.3016322479514766 0.0511475129494173 0.0096700588853344 0.0305397442059004 0.0156976871703962 0.0234102486573992 0.0305443741358038 0.0531153462016986 0.0063206815313447 0.1149098077766254 0.1202651787957138 0.0624837619384551 1.0622786344624218


1.0081472368639317 1.0090579193707563 1.0012698681629351 1.0091337585613902 1.0063235924622540 1.0009754040499941 1.0027849821886705 1.0054688151920499 1.0095750683543430 1.0096488853519927 1.0015761308167754 1.0097059278176062 1.0095716694824295



13

3.2797549352698208 -0.3476797010894027 -0.1426354778650954 -0.0429562529783588 -0.3014017516485312 -0.1505513063212225 -0.0933623631262620 -0.1560262806535341 -0.0372591935612970 -0.0509796553925981 -0.3639025255161539 -0.3693429815021205 -0.2221959866033763
-0.3476797010894027 1.0530237582467652 0.0217529785950485 0.0065511502856639 0.0459660243738353 0.0229602017175529 0.0142384595828925 0.0237951763062162 0.0056823060583443 0.0077747792424195 0.0554978604672527 0.0563275707495849 0.0338865520194097
-0.1426354778650954 0.0217529785950485 1.0089241519915366 0.0026876071528877 0.0188575456996113 0.0094194148625893 0.0058413231497415 0.0097619629005854 0.0023311641072748 0.0031896005118026 0.0227679781805883 0.0231083665387214 0.0139019463182467
-0.0429562529783588 0.0065511502856639 0.0026876071528877 1.0008094026429741 0.0056791586199165 0.0028367610485253 0.0017591791236256 0.0029399231818013 0.0007020558743518 0.0009605834995308 0.0068568286457884 0.0069593403675683 0.0041867250131344
-0.3014017516485312 0.0459660243738353 0.0188575456996113 0.0056791586199165 1.0398477110374373 0.0199040812396885 0.0123432476662108 0.0206279164328752 0.0049259620104989 0.0067399162936559 0.0481108109135038 0.0488300825065020 0.0293760783387031
