13

0.6206431639267298 -0.0472555761549770 -0.0124518096094447 -0.1369401127725382 -0.1444064777641680 -0.1691764066073704 -0.1444117332278043 -0.1783210011933860 -0.1008914939757884 -0.1807498797400197 -0.1842164659843528 -0.0983240644422210 -0.1592017039199799
-0.0472555761549770 0.0046038313786721 0.0009496069214054 0.0104434040501397 0.0110128081846531 0.0129018264566948 0.0110132089797825 0.0135992166822681 0.0076942439689789 0.0137844491867378 0.0140488199404289 0.0074984452110661 0.0121411300593034
-0.0124518096094447 0.0009496069214054 0.0012502207263408 0.0027518292969357 0.0029018668681747 0.0033996217954469 0.0029019724773970 0.0035833836076793 0.0020274276347016 0.0036321922365610 0.0037018537359885 0.0019758348057981 0.0031991788534363
-0.1369401127725382 0.0104434040501397 0.0027518292969357 0.0312635380778168 0.0319135923727362 0.0373877056150425 0.0319147538214940 0.0394086458702894 0.0222968530392244 0.0399454240055940 0.0407115338230999 0.0217294553653209 0.0351833128444876
-0.1444064777641680 0.0110128081846531 0.0029018668681747 0.0319135923727362 0.0346536123276250 0.0394261898156886 0.0336548371018772 0.0415573174898477 0.0235125409745199 0.0421233622979815 0.0429312426048303 0.0229142071633298 0.0371016072725635
-0.1691764066073704 0.0129018264566948 0.0033996217954469 0.0373877056150425 0.0394261898156886 0.0471889329516860 0.0394276246744989 0.0486856112691543 0.0275456285193382 0.0493487492952422 0.0502952046717437 0.0268446629830542 0.0434656166046842
-0.1444117332278043 0.0110132089797825 0.0029019724773970 0.0319147538214940 0.0336548371018772 0.0394276246744989 0.0346560619207033 0.0415588299079488 0.0235133966792362 0.0421248953164598 0.0429328050249368 0.0229150410925577 0.0371029575315747
-0.1783210011933860 0.0135992166822681 0.0035833836076793 0.0394086458702894 0.0415573174898477 0.0486856112691543 0.0415588299079488 0.0523172440491437 0.0290345690310665 0.0520162270758718 0.0530138417770416 0.0282957137808642 0.0458150898572016
-0.1008914939757884 0.0076942439689789 0.0020274276347016 0.0222968530392244 0.0235125409745199 0.0275456285193382 0.0235133966792362 0.0290345690310665 0.0174273474626280 0.0294300437163719 0.0299944799686341 0.0160093136386483 0.0259215282069620
-0.1807498797400197 0.0137844491867378 0.0036321922365610 0.0399454240055940 0.0421233622979816 0.0493487492952422 0.0421248953164598 0.0520162270758718 0.0294300437163719 0.0537247308257156 0.0537359338587659 0.0286811246506108 0.0464391290232086
-0.1842164659843528 0.0140488199404289 0.0037018537359885 0.0407115338230999 0.0429312426048303 0.0502952046717437 0.0429328050249368 0.0530138417770416 0.0299944799686341 0.0537359338587659 0.0557665306669581 0.0292311974491588 0.0473297810452305
-0.0983240644422211 0.0074984452110661 0.0019758348057981 0.0217294553653209 0.0229142071633298 0.0268446629830542 0.0229150410925577 0.0282957137808642 0.0160093136386483 0.0286811246506108 0.0292311974491588 0.0166019177023975 0.0252618918545682
-0.1592017039199799 0.0121411300593034 0.0031991788534363 0.0351833128444876 0.0371016072725635 0.0434656166046842 0.0371029575315747 0.0458150898572016 0.0259215282069620 0.0464391290232086 0.0473297810452305 0.0252618918545682 0.0419028679835834


1.0000000000000000 1.0000000000000000 1.0000000000000000 1.0000000000000000 1.0000000000000000 1.0000000000000000 1.0000000000000000 1.0000000000000000 1.0000000000000000 1.0000000000000000 1.0000000000000000 1.0000000000000000 1.0000000000000000



13

0.6206431639267298 -0.0472555761549770 -0.0124518096094447 -0.1369401127725382 -0.1444064777641680 -0.1691764066073704 -0.1444117332278043 -0.1783210011933860 -0.1008914939757884 -0.1807498797400197 -0.1842164659843528 -0.0983240644422210 -0.1592017039199799
-0.0472555761549770 0.0046038313786721 0.0009496069214054 0.0104434040501397 0.0110128081846531 0.0129018264566948 0.0110132089797825 0.0135992166822681 0.0076942439689789 0.0137844491867378 0.0140488199404289 0.0074984452110661 0.0121411300593034
-0.0124518096094447 0.0009496069214054 0.0012502207263408 0.0027518292969357 0.0029018668681747 0.0033996217954469 0.0029019724773970 0.0035833836076793 0.0020274276347016 0.0036321922365610 0.0037018537359885 0.0019758348057981 0.0031991788534363
-0.1369401127725382 0.0104434040501397 0.0027518292969357 0.0312635380778168 0.0319135923727362 0.0373877056150425 0.0319147538214940 0.0394086458702894 0.0222968530392244 0.0399454240055940 0.0407115338230999 0.0217294553653209 0.0351833128444876
-0.1444064777641680 0.0110128081846531 0.0029018668681747 0.0319135923727362 0.0346536123276250 0.0394261898156886 0.0336548371018772 0.0415573174898477 0.0235125409745199 0.0421233622979815 0.0429312426048303 0.0229142071633298 0.0371016072725635
-0.1691764066073704 0.0129018264566948 0.0033996217954469 0.0373877056150425 0.0394261898156886 0.0471889329516860 0.0394276246744989 0.0486856112691543 0.0275456285193382 0.0493487492952422 0.0502952046717437 0.0268446629830542 0.0434656166046842
-0.1444117332278043 0.0110132089797825 0.0029019724773970 0.0319147538214940 0.0336548371018772 0.0394276246744989 0.0346560619207033 0.0415588299079488 0.0235133966792362 0.0421248953164598 0.0429328050249368 0.0229150410925577 0.0371029575315747
-0.1783210011933860 0.0135992166822681 0.0035833836076793 0.0394086458702894 0.0415573174898477 0.0486856112691543 0.0415588299079488 0.0523172440491437 0.0290345690310665 0.0520162270758718 0.0530138417770416 0.0282957137808642 0.0458150898572016
-0.1008914939757884 0.0076942439689789 0.0020274276347016 0.0222968530392244 0.0235125409745199 0.0275456285193382 0.0235133966792362 0.0290345690310665 0.0174273474626280 0.0294300437163719 0.0299944799686341 0.0160093136386483 0.0259215282069620
-0.1807498797400197 0.0137844491867378 0.0036321922365610 0.0399454240055940 0.0421233622979816 0.0493487492952422 0.0421248953164598 0.0520162270758718 0.0294300437163719 0.0537247308257156 0.0537359338587659 0.0286811246506108 0.0464391290232086
-0.1842164659843528 0.0140488199404289 0.0037018537359885 0.0407115338230999 0.0429312426048303 0.0502952046717437 0.0429328050249368 0.0530138417770416 0.0299944799686341 0.0537359338587659 0.0557665306669581 0.0292311974491588 0.0473297810452305
-0.0983240644422211 0.0074984452110661 0.0019758348057981 0.0217294553653209 0.0229142071633298 0.0268446629830542 0.0229150410925577 0.0282957137808642 0.0160093136386483 0.0286811246506108 0.0292311974491588 0.0166019177023975 0.0252618918545682
-0.1592017039199799 0.0121411300593034 0.0031991788534363 0.0351833128444876 0.0371016072725635 0.0434656166046842 0.0371029575315747 0.0458150898572016 0.0259215282069620 0.0464391290232086 0.0473297810452305 0.0252618918545682 0.0419028679835834


1.0009999999999999 1.0009999999999999 1.0009999999999999 1.0009999999999999 1.0009999999999999 1.0009999999999999 1.0009999999999999 1.0009999999999999 1.0009999999999999 1.0009999999999999 1.0009999999999999 1.0009999999999999 1.0009999999999999



13

0.6206431639267298 -0.0472555761549770 -0.0124518096094447 -0.1369401127725382 -0.1444064777641680 -0.1691764066073704 -0.1444117332278043 -0.1783210011933860 -0.1008914939757884 -0.1807498797400197 -0.1842164659843528 -0.0983240644422210 -0.1592017039199799
-0.0472555761549770 0.0046038313786721 0.0009496069214054 0.0104434040501397 0.0110128081846531 0.0129018264566948 0.0110132089797825 0.0135992166822681 0.0076942439689789 0.0137844491867378 0.0140488199404289 0.0074984452110661 0.0121411300593034
-0.0124518096094447 0.0009496069214054 0.0012502207263408 0.0027518292969357 0.0029018668681747 0.0033996217954469 0.0029019724773970 0.0035833836076793 0.0020274276347016 0.0036321922365610 0.0037018537359885 0.0019758348057981 0.0031991788534363
-0.1369401127725382 0.0104434040501397 0.0027518292969357 0.0312635380778168 0.0319135923727362 0.0373877056150425 0.0319147538214940 0.0394086458702894 0.0222968530392244 0.0399454240055940 0.0407115338230999 0.0217294553653209 0.0351833128444876
-0.1444064777641680 0.0110128081846531 0.0029018668681747 0.0319135923727362 0.0346536123276250 0.0394261898156886 0.0336548371018772 0.0415573174898477 0.0235125409745199 0.0421233622979815 0.0429312426048303 0.0229142071633298 0.0371016072725635
-0.1691764066073704 0.0129018264566948 0.0033996217954469 0.0373877056150425 0.0394261898156886 0.0471889329516860 0.0394276246744989 0.0486856112691543 0.0275456285193382 0.0493487492952422 0.0502952046717437 0.0268446629830542 0.0434656166046842
-0.1444117332278043 0.0110132089797825 0.0029019724773970 0.0319147538214940 0.0336548371018772 0.0394276246744989 0.0346560619207033 0.0415588299079488 0.0235133966792362 0.0421248953164598 0.0429328050249368 0.0229150410925577 0.0371029575315747
-0.1783210011933860 0.0135992166822681 0.0035833836076793 0.0394086458702894 0.0415573174898477 0.0486856112691543 0.0415588299079488 0.0523172440491437 0.0290345690310665 0.0520162270758718 0.0530138417770416 0.0282957137808642 0.0458150898572016
-0.1008914939757884 0.0076942439689789 0.0020274276347016 0.0222968530392244 0.0235125409745199 0.0275456285193382 0.0235133966792362 0.0290345690310665 0.0174273474626280 0.0294300437163719 0.0299944799686341 0.0160093136386483 0.0259215282069620
-0.1807498797400197 0.0137844491867378 0.0036321922365610 0.0399454240055940 0.0421233622979816 0.0493487492952422 0.0421248953164598 0.0520162270758718 0.0294300437163719 0.0537247308257156 0.0537359338587659 0.0286811246506108 0.0464391290232086
-0.1842164659843528 0.0140488199404289 0.0037018537359885 0.0407115338230999 0.0429312426048303 0.0502952046717437 0.0429328050249368 0.0530138417770416 0.0299944799686341 0.0537359338587659 0.0557665306669581 0.0292311974491588 0.0473297810452305
-0.0983240644422211 0.0074984452110661 0.0019758348057981 0.0217294553653209 0.0229142071633298 0.0268446629830542 0.0229150410925577 0.0282957137808642 0.0160093136386483 0.0286811246506108 0.0292311974491588 0.0166019177023975 0.0252618918545682
-0.1592017039199799 0.0121411300593034 0.0031991788534363 0.0351833128444876 0.0371016072725635 0.0434656166046842 0.0371029575315747 0.0458150898572016 0.0259215282069620 0.0464391290232086 0.0473297810452305 0.0252618918545682 0.0419028679835834


1.0020000000000000 1.0020000000000000 1.0020000000000000 1.0020000000000000 1.0020000000000000 1.0020000000000000 1.0020000000000000 1.0020000000000000 1.0020000000000000 1.0020000000000000 1.0020000000000000 1.0020000000000000 1.0020000000000000



13

0.6206431639267298 -0.0472555761549770 -0.0124518096094447 -0.1369401127725382 -0.1444064777641680 -0.1691764066073704 -0.1444117332278043 -0.1783210011933860 -0.1008914939757884 -0.1807498797400197 -0.1842164659843528 -0.0983240644422210 -0.1592017039199799
-0.0472555761549770 0.0046038313786721 0.0009496069214054 0.0104434040501397 0.0110128081846531 0.0129018264566948 0.0110132089797825 0.0135992166822681 0.0076942439689789 0.0137844491867378 0.0140488199404289 0.0074984452110661 0.0121411300593034
-0.0124518096094447 0.0009496069214054 0.0012502207263408 0.0027518292969357 0.0029018668681747 0.0033996217954469 0.0029019724773970 0.0035833836076793 0.0020274276347016 0.0036321922365610 0.0037018537359885 0.0019758348057981 0.0031991788534363
-0.1369401127725382 0.0104434040501397 0.0027518292969357 0.0312635380778168 0.0319135923727362 0.0373877056150425 0.0319147538214940 0.0394086458702894 0.0222968530392244 0.0399454240055940 0.0407115338230999 0.0217294553653209 0.0351833128444876
-0.1444064777641680 0.0110128081846531 0.0029018668681747 0.0319135923727362 0.0346536123276250 0.0394261898156886 0.0336548371018772 0.0415573174898477 0.0235125409745199 0.0421233622979815 0.0429312426048303 0.0229142071633298 0.0371016072725635
-0.1691764066073704 0.0129018264566948 0.0033996217954469 0.0373877056150425 0.0394261898156886 0.0471889329516860 0.0394276246744989 0.0486856112691543 0.0275456285193382 0.0493487492952422 0.0502952046717437 0.0268446629830542 0.0434656166046842
-0.1444117332278043 0.0110132089797825 0.0029019724773970 0.0319147538214940 0.0336548371018772 0.0394276246744989 0.0346560619207033 0.0415588299079488 0.0235133966792362 0.0421248953164598 0.0429328050249368 0.0229150410925577 0.0371029575315747
-0.1783210011933860 0.0135992166822681 0.0035833836076793 0.0394086458702894 0.0415573174898477 0.0486856112691543 0.0415588299079488 0.0523172440491437 0.0290345690310665 0.0520162270758718 0.0530138417770416 0.0282957137808642 0.0458150898572016
-0.1008914939757884 0.0076942439689789 0.0020274276347016 0.0222968530392244 0.0235125409745199 0.0275456285193382 0.0235133966792362 0.0290345690310665 0.0174273474626280 0.0294300437163719 0.0299944799686341 0.0160093136386483 0.0259215282069620
-0.1807498797400197 0.0137844491867378 0.0036321922365610 0.0399454240055940 0.0421233622979816 0.0493487492952422 0.0421248953164598 0.0520162270758718 0.0294300437163719 0.0537247308257156 0.0537359338587659 0.0286811246506108 0.0464391290232086
-0.1842164659843528 0.0140488199404289 0.0037018537359885 0.0407115338230999 0.0429312426048303 0.0502952046717437 0.0429328050249368 0.0530138417770416 0.0299944799686341 0.0537359338587659 0.0557665306669581 0.0292311974491588 0.0473297810452305
-0.0983240644422211 0.0074984452110661 0.0019758348057981 0.0217294553653209 0.0229142071633298 0.0268446629830542 0.0229150410925577 0.0282957137808642 0.0160093136386483 0.0286811246506108 0.0292311974491588 0.0166019177023975 0.0252618918545682
-0.1592017039199799 0.0121411300593034 0.0031991788534363 0.0351833128444876 0.0371016072725635 0.0434656166046842 0.0371029575315747 0.0458150898572016 0.0259215282069620 0.0464391290232086 0.0473297810452305 0.0252618918545682 0.0419028679835834


1.0029999999999999 1.0029999999999999 1.0029999999999999 1.0029999999999999 1.0029999999999999 1.0029999999999999 1.0029999999999999 1.0029999999999999 1.0029999999999999 1.0029999999999999 1.0029999999999999 1.0029999999999999 1.0029999999999999



13

0.6206431639267298 -0.0472555761549770 -0.0124518096094447 -0.1369401127725382 -0.1444064777641680 -0.1691764066073704 -0.1444117332278043 -0.1783210011933860 -0.1008914939757884 -0.1807498797400197 -0.1842164659843528 -0.0983240644422210 -0.1592017039199799
-0.0472555761549770 0.0046038313786721 0.0009496069214054 0.0104434040501397 0.0110128081846531 0.0129018264566948 0.0110132089797825 0.0135992166822681 0.0076942439689789 0.0137844491867378 0.0140488199404289 0.0074984452110661 0.0121411300593034
-0.0124518096094447 0.0009496069214054 0.0012502207263408 0.0027518292969357 0.0029018668681747 0.0033996217954469 0.0029019724773970 0.0035833836076793 0.0020274276347016 0.0036321922365610 0.0037018537359885 0.0019758348057981 0.0031991788534363
-0.1369401127725382 0.0104434040501397 0.0027518292969357 0.0312635380778168 0.0319135923727362 0.0373877056150425 0.0319147538214940 0.0394086458702894 0.0222968530392244 0.0399454240055940 0.0407115338230999 0.0217294553653209 0.0351833128444876
-0.1444064777641680 0.0110128081846531 0.0029018668681747 0.0319135923727362 0.0346536123276250 0.0394261898156886 0.0336548371018772 0.0415573174898477 0.0235125409745199 0.0421233622979815 0.0429312426048303 0.0229142071633298 0.0371016072725635
-0.1691764066073704 0.0129018264566948 0.0033996217954469 0.0373877056150425 0.0394261898156886 0.0471889329516860 0.0394276246744989 0.0486856112691543 0.0275456285193382 0.0493487492952422 0.0502952046717437 0.0268446629830542 0.0434656166046842
-0.1444117332278043 0.0110132089797825 0.0029019724773970 0.0319147538214940 0.0336548371018772 0.0394276246744989 0.0346560619207033 0.0415588299079488 0.0235133966792362 0.0421248953164598 0.0429328050249368 0.0229150410925577 0.0371029575315747
-0.1783210011933860 0.0135992166822681 0.0035833836076793 0.0394086458702894 0.0415573174898477 0.0486856112691543 0.0415588299079488 0.0523172440491437 0.0290345690310665 0.0520162270758718 0.0530138417770416 0.0282957137808642 0.0458150898572016
-0.1008914939757884 0.0076942439689789 0.0020274276347016 0.0222968530392244 0.0235125409745199 0.0275456285193382 0.0235133966792362 0.0290345690310665 0.0174273474626280 0.0294300437163719 0.0299944799686341 0.0160093136386483 0.0259215282069620
-0.1807498797400197 0.0137844491867378 0.0036321922365610 0.0399454240055940 0.0421233622979816 0.0493487492952422 0.0421248953164598 0.0520162270758718 0.0294300437163719 0.0537247308257156 0.0537359338587659 0.0286811246506108 0.0464391290232086
-0.1842164659843528 0.0140488199404289 0.0037018537359885 0.0407115338230999 0.0429312426048303 0.0502952046717437 0.0429328050249368 0.0530138417770416 0.0299944799686341 0.0537359338587659 0.0557665306669581 0.0292311974491588 0.0473297810452305
-0.0983240644422211 0.0074984452110661 0.0019758348057981 0.0217294553653209 0.0229142071633298 0.0268446629830542 0.0229150410925577 0.0282957137808642 0.0160093136386483 0.0286811246506108 0.0292311974491588 0.0166019177023975 0.0252618918545682
-0.1592017039199799 0.0121411300593034 0.0031991788534363 0.0351833128444876 0.0371016072725635 0.0434656166046842 0.0371029575315747 0.0458150898572016 0.0259215282069620 0.0464391290232086 0.0473297810452305 0.0252618918545682 0.0419028679835834


1.0040000000000000 1.0040000000000000 1.0040000000000000 1.0040000000000000 1.0040000000000000 1.0040000000000000 1.0040000000000000 1.0040000000000000 1.0040000000000000 1.0040000000000000 1.0040000000000000 1.0040000000000000 1.0040000000000000



13

0.6206431639267298 -0.0472555761549770 -0.0124518096094447 -0.1369401127725382 -0.1444064777641680 -0.1691764066073704 -0.1444117332278043 -0.1783210011933860 -0.1008914939757884 -0.1807498797400197 -0.1842164659843528 -0.0983240644422210 -0.1592017039199799
-0.0472555761549770 0.0046038313786721 0.0009496069214054 0.0104434040501397 0.0110128081846531 0.0129018264566948 0.0110132089797825 0.0135992166822681 0.0076942439689789 0.0137844491867378 0.0140488199404289 0.0074984452110661 0.0121411300593034
-0.0124518096094447 0.0009496069214054 0.0012502207263408 0.0027518292969357 0.0029018668681747 0.0033996217954469 0.0029019724773970 0.0035833836076793 0.0020274276347016 0.0036321922365610 0.0037018537359885 0.0019758348057981 0.0031991788534363
-0.1369401127725382 0.0104434040501397 0.0027518292969357 0.0312635380778168 0.0319135923727362 0.0373877056150425 0.0319147538214940 0.0394086458702894 0.0222968530392244 0.0399454240055940 0.0407115338230999 0.0217294553653209 0.0351833128444876
-0.1444064777641680 0.0110128081846531 0.0029018668681747 0.0319135923727362 0.0346536123276250 0.0394261898156886 0.0336548371018772 0.0415573174898477 0.0235125409745199 0.0421233622979815 0.0429312426048303 0.0229142071633298 0.0371016072725635
-0.1691764066073704 0.0129018264566948 0.0033996217954469 0.0373877056150425 0.0394261898156886 0.0471889329516860 0.0394276246744989 0.0486856112691543 0.0275456285193382 0.0493487492952422 0.0502952046717437 0.0268446629830542 0.0434656166046842
-0.1444117332278043 0.0110132089797825 0.0029019724773970 0.0319147538214940 0.0336548371018772 0.0394276246744989 0.0346560619207033 0.0415588299079488 0.0235133966792362 0.0421248953164598 0.0429328050249368 0.0229150410925577 0.0371029575315747
-0.1783210011933860 0.0135992166822681 0.0035833836076793 0.0394086458702894 0.0415573174898477 0.0486856112691543 0.0415588299079488 0.0523172440491437 0.0290345690310665 0.0520162270758718 0.0530138417770416 0.0282957137808642 0.0458150898572016
-0.1008914939757884 0.0076942439689789 0.0020274276347016 0.0222968530392244 0.0235125409745199 0.0275456285193382 0.0235133966792362 0.0290345690310665 0.0174273474626280 0.0294300437163719 0.0299944799686341 0.0160093136386483 0.0259215282069620
-0.1807498797400197 0.0137844491867378 0.0036321922365610 0.0399454240055940 0.0421233622979816 0.0493487492952422 0.0421248953164598 0.0520162270758718 0.0294300437163719 0.0537247308257156 0.0537359338587659 0.0286811246506108 0.0464391290232086
-0.1842164659843528 0.0140488199404289 0.0037018537359885 0.0407115338230999 0.0429312426048303 0.0502952046717437 0.0429328050249368 0.0530138417770416 0.0299944799686341 0.0537359338587659 0.0557665306669581 0.0292311974491588 0.0473297810452305
-0.0983240644422211 0.0074984452110661 0.0019758348057981 0.0217294553653209 0.0229142071633298 0.0268446629830542 0.0229150410925577 0.0282957137808642 0.0160093136386483 0.0286811246506108 0.0292311974491588 0.0166019177023975 0.0252618918545682
-0.1592017039199799 0.0121411300593034 0.0031991788534363 0.0351833128444876 0.0371016072725635 0.0434656166046842 0.0371029575315747 0.0458150898572016 0.0259215282069620 0.0464391290232086 0.0473297810452305 0.0252618918545682 0.0419028679835834


1.0049999999999999 1.0049999999999999 1.0049999999999999 1.0049999999999999 1.0049999999999999 1.0049999999999999 1.0049999999999999 1.0049999999999999 1.0049999999999999 1.0049999999999999 1.0049999999999999 1.0049999999999999 1.0049999999999999



13

0.6206431639267298 -0.0472555761549770 -0.0124518096094447 -0.1369401127725382 -0.1444064777641680 -0.1691764066073704 -0.1444117332278043 -0.1783210011933860 -0.1008914939757884 -0.1807498797400197 -0.1842164659843528 -0.0983240644422210 -0.1592017039199799
-0.0472555761549770 0.0046038313786721 0.0009496069214054 0.0104434040501397 0.0110128081846531 0.0129018264566948 0.0110132089797825 0.0135992166822681 0.0076942439689789 0.0137844491867378 0.0140488199404289 0.0074984452110661 0.0121411300593034
-0.0124518096094447 0.0009496069214054 0.0012502207263408 0.0027518292969357 0.0029018668681747 0.0033996217954469 0.0029019724773970 0.0035833836076793 0.0020274276347016 0.0036321922365610 0.0037018537359885 0.0019758348057981 0.0031991788534363
-0.1369401127725382 0.0104434040501397 0.0027518292969357 0.0312635380778168 0.0319135923727362 0.0373877056150425 0.0319147538214940 0.0394086458702894 0.0222968530392244 0.0399454240055940 0.0407115338230999 0.0217294553653209 0.0351833128444876
-0.1444064777641680 0.0110128081846531 0.0029018668681747 0.0319135923727362 0.0346536123276250 0.0394261898156886 0.0336548371018772 0.0415573174898477 0.0235125409745199 0.0421233622979815 0.0429312426048303 0.0229142071633298 0.0371016072725635
-0.1691764066073704 0.0129018264566948 0.0033996217954469 0.0373877056150425 0.0394261898156886 0.0471889329516860 0.0394276246744989 0.0486856112691543 0.0275456285193382 0.0493487492952422 0.0502952046717437 0.0268446629830542 0.0434656166046842
-0.1444117332278043 0.0110132089797825 0.0029019724773970 0.0319147538214940 0.0336548371018772 0.0394276246744989 0.0346560619207033 0.0415588299079488 0.0235133966792362 0.0421248953164598 0.0429328050249368 0.0229150410925577 0.0371029575315747
-0.1783210011933860 0.0135992166822681 0.0035833836076793 0.0394086458702894 0.0415573174898477 0.0486856112691543 0.0415588299079488 0.0523172440491437 0.0290345690310665 0.0520162270758718 0.0530138417770416 0.0282957137808642 0.0458150898572016
-0.1008914939757884 0.0076942439689789 0.0020274276347016 0.0222968530392244 0.0235125409745199 0.0275456285193382 0.0235133966792362 0.0290345690310665 0.0174273474626280 0.0294300437163719 0.0299944799686341 0.0160093136386483 0.0259215282069620
-0.1807498797400197 0.0137844491867378 0.0036321922365610 0.0399454240055940 0.0421233622979816 0.0493487492952422 0.0421248953164598 0.0520162270758718 0.0294300437163719 0.0537247308257156 0.0537359338587659 0.0286811246506108 0.0464391290232086
-0.1842164659843528 0.0140488199404289 0.0037018537359885 0.0407115338230999 0.0429312426048303 0.0502952046717437 0.0429328050249368 0.0530138417770416 0.0299944799686341 0.0537359338587659 0.0557665306669581 0.0292311974491588 0.0473297810452305
-0.0983240644422211 0.0074984452110661 0.0019758348057981 0.0217294553653209 0.0229142071633298 0.0268446629830542 0.0229150410925577 0.0282957137808642 0.0160093136386483 0.0286811246506108 0.0292311974491588 0.0166019177023975 0.0252618918545682
-0.1592017039199799 0.0121411300593034 0.0031991788534363 0.0351833128444876 0.0371016072725635 0.0434656166046842 0.0371029575315747 0.0458150898572016 0.0259215282069620 0.0464391290232086 0.0473297810452305 0.0252618918545682 0.0419028679835834


1.0060000000000000 1.0060000000000000 1.0060000000000000 1.0060000000000000 1.0060000000000000 1.0060000000000000 1.0060000000000000 1.0060000000000000 1.0060000000000000 1.0060000000000000 1.0060000000000000 1.0060000000000000 1.0060000000000000



13

0.6206431639267298 -0.0472555761549770 -0.0124518096094447 -0.1369401127725382 -0.1444064777641680 -0.1691764066073704 -0.1444117332278043 -0.1783210011933860 -0.1008914939757884 -0.1807498797400197 -0.1842164659843528 -0.0983240644422210 -0.1592017039199799
-0.0472555761549770 0.0046038313786721 0.0009496069214054 0.0104434040501397 0.0110128081846531 0.0129018264566948 0.0110132089797825 0.0135992166822681 0.0076942439689789 0.0137844491867378 0.0140488199404289 0.0074984452110661 0.0121411300593034
-0.0124518096094447 0.0009496069214054 0.0012502207263408 0.0027518292969357 0.0029018668681747 0.0033996217954469 0.0029019724773970 0.0035833836076793 0.0020274276347016 0.0036321922365610 0.0037018537359885 0.0019758348057981 0.0031991788534363
-0.1369401127725382 0.0104434040501397 0.0027518292969357 0.0312635380778168 0.0319135923727362 0.0373877056150425 0.0319147538214940 0.0394086458702894 0.0222968530392244 0.0399454240055940 0.0407115338230999 0.0217294553653209 0.0351833128444876
-0.1444064777641680 0.0110128081846531 0.0029018668681747 0.0319135923727362 0.0346536123276250 0.0394261898156886 0.0336548371018772 0.0415573174898477 0.0235125409745199 0.0421233622979815 0.0429312426048303 0.0229142071633298 0.0371016072725635
-0.1691764066073704 0.0129018264566948 0.0033996217954469 0.0373877056150425 0.0394261898156886 0.0471889329516860 0.0394276246744989 0.0486856112691543 0.0275456285193382 0.0493487492952422 0.0502952046717437 0.0268446629830542 0.0434656166046842
-0.1444117332278043 0.0110132089797825 0.0029019724773970 0.0319147538214940 0.0336548371018772 0.0394276246744989 0.0346560619207033 0.0415588299079488 0.0235133966792362 0.0421248953164598 0.0429328050249368 0.0229150410925577 0.0371029575315747
-0.1783210011933860 0.0135992166822681 0.0035833836076793 0.0394086458702894 0.0415573174898477 0.0486856112691543 0.0415588299079488 0.0523172440491437 0.0290345690310665 0.0520162270758718 0.0530138417770416 0.0282957137808642 0.0458150898572016
-0.1008914939757884 0.0076942439689789 0.0020274276347016 0.0222968530392244 0.0235125409745199 0.0275456285193382 0.0235133966792362 0.0290345690310665 0.0174273474626280 0.0294300437163719 0.0299944799686341 0.0160093136386483 0.0259215282069620
-0.1807498797400197 0.0137844491867378 0.0036321922365610 0.0399454240055940 0.0421233622979816 0.0493487492952422 0.0421248953164598 0.0520162270758718 0.0294300437163719 0.0537247308257156 0.0537359338587659 0.0286811246506108 0.0464391290232086
-0.1842164659843528 0.0140488199404289 0.0037018537359885 0.0407115338230999 0.0429312426048303 0.0502952046717437 0.0429328050249368 0.0530138417770416 0.0299944799686341 0.0537359338587659 0.0557665306669581 0.0292311974491588 0.0473297810452305
-0.0983240644422211 0.0074984452110661 0.0019758348057981 0.0217294553653209 0.0229142071633298 0.0268446629830542 0.0229150410925577 0.0282957137808642 0.0160093136386483 0.0286811246506108 0.0292311974491588 0.0166019177023975 0.0252618918545682
-0.1592017039199799 0.0121411300593034 0.0031991788534363 0.0351833128444876 0.0371016072725635 0.0434656166046842 0.0371029575315747 0.0458150898572016 0.0259215282069620 0.0464391290232086 0.0473297810452305 0.0252618918545682 0.0419028679835834


1.0069999999999999 1.0069999999999999 1.0069999999999999 1.0069999999999999 1.0069999999999999 1.0069999999999999 1.0069999999999999 1.0069999999999999 1.0069999999999999 1.0069999999999999 1.0069999999999999 1.0069999999999999 1.0069999999999999



13

0.6206431639267298 -0.0472555761549770 -0.0124518096094447 -0.1369401127725382 -0.1444064777641680 -0.1691764066073704 -0.1444117332278043 -0.1783210011933860 -0.1008914939757884 -0.1807498797400197 -0.1842164659843528 -0.0983240644422210 -0.1592017039199799
-0.0472555761549770 0.0046038313786721 0.0009496069214054 0.0104434040501397 0.0110128081846531 0.0129018264566948 0.0110132089797825 0.0135992166822681 0.0076942439689789 0.0137844491867378 0.0140488199404289 0.0074984452110661 0.0121411300593034
-0.0124518096094447 0.0009496069214054 0.0012502207263408 0.0027518292969357 0.0029018668681747 0.0033996217954469 0.0029019724773970 0.0035833836076793 0.0020274276347016 0.0036321922365610 0.0037018537359885 0.0019758348057981 0.0031991788534363
-0.1369401127725382 0.0104434040501397 0.0027518292969357 0.0312635380778168 0.0319135923727362 0.0373877056150425 0.0319147538214940 0.0394086458702894 0.0222968530392244 0.0399454240055940 0.0407115338230999 0.0217294553653209 0.0351833128444876
-0.1444064777641680 0.0110128081846531 0.0029018668681747 0.0319135923727362 0.0346536123276250 0.0394261898156886 0.0336548371018772 0.0415573174898477 0.0235125409745199 0.0421233622979815 0.0429312426048303 0.0229142071633298 0.0371016072725635
-0.1691764066073704 0.0129018264566948 0.0033996217954469 0.0373877056150425 0.0394261898156886 0.0471889329516860 0.0394276246744989 0.0486856112691543 0.0275456285193382 0.0493487492952422 0.0502952046717437 0.0268446629830542 0.0434656166046842
-0.1444117332278043 0.0110132089797825 0.0029019724773970 0.0319147538214940 0.0336548371018772 0.0394276246744989 0.0346560619207033 0.0415588299079488 0.0235133966792362 0.0421248953164598 0.0429328050249368 0.0229150410925577 0.0371029575315747
-0.1783210011933860 0.0135992166822681 0.0035833836076793 0.0394086458702894 0.0415573174898477 0.0486856112691543 0.0415588299079488 0.0523172440491437 0.0290345690310665 0.0520162270758718 0.0530138417770416 0.0282957137808642 0.0458150898572016
-0.1008914939757884 0.0076942439689789 0.0020274276347016 0.0222968530392244 0.0235125409745199 0.0275456285193382 0.0235133966792362 0.0290345690310665 0.0174273474626280 0.0294300437163719 0.0299944799686341 0.0160093136386483 0.0259215282069620
-0.1807498797400197 0.0137844491867378 0.0036321922365610 0.0399454240055940 0.0421233622979816 0.0493487492952422 0.0421248953164598 0.0520162270758718 0.0294300437163719 0.0537247308257156 0.0537359338587659 0.0286811246506108 0.0464391290232086
-0.1842164659843528 0.0140488199404289 0.0037018537359885 0.0407115338230999 0.0429312426048303 0.0502952046717437 0.0429328050249368 0.0530138417770416 0.0299944799686341 0.0537359338587659 0.0557665306669581 0.0292311974491588 0.0473297810452305
-0.0983240644422211 0.0074984452110661 0.0019758348057981 0.0217294553653209 0.0229142071633298 0.0268446629830542 0.0229150410925577 0.0282957137808642 0.0160093136386483 0.0286811246506108 0.0292311974491588 0.0166019177023975 0.0252618918545682
-0.1592017039199799 0.0121411300593034 0.0031991788534363 0.0351833128444876 0.0371016072725635 0.0434656166046842 0.0371029575315747 0.0458150898572016 0.0259215282069620 0.0464391290232086 0.0473297810452305 0.0252618918545682 0.0419028679835834


1.0080000000000000 1.0080000000000000 1.0080000000000000 1.0080000000000000 1.0080000000000000 1.0080000000000000 1.0080000000000000 1.0080000000000000 1.0080000000000000 1.0080000000000000 1.0080000000000000 1.0080000000000000 1.0080000000000000



13

0.6206431639267298 -0.0472555761549770 -0.0124518096094447 -0.1369401127725382 -0.1444064777641680 -0.1691764066073704 -0.1444117332278043 -0.1783210011933860 -0.1008914939757884 -0.1807498797400197 -0.1842164659843528 -0.0983240644422210 -0.1592017039199799
-0.0472555761549770 0.0046038313786721 0.0009496069214054 0.0104434040501397 0.0110128081846531 0.0129018264566948 0.0110132089797825 0.0135992166822681 0.0076942439689789 0.0137844491867378 0.0140488199404289 0.0074984452110661 0.0121411300593034
-0.0124518096094447 0.0009496069214054 0.0012502207263408 0.0027518292969357 0.0029018668681747 0.0033996217954469 0.0029019724773970 0.0035833836076793 0.0020274276347016 0.0036321922365610 0.0037018537359885 0.0019758348057981 0.0031991788534363
-0.1369401127725382 0.0104434040501397 0.0027518292969357 0.0312635380778168 0.0319135923727362 0.0373877056150425 0.0319147538214940 0.0394086458702894 0.0222968530392244 0.0399454240055940 0.0407115338230999 0.0217294553653209 0.0351833128444876
-0.1444064777641680 0.0110128081846531 0.0029018668681747 0.0319135923727362 0.0346536123276250 0.0394261898156886 0.0336548371018772 0.0415573174898477 0.0235125409745199 0.0421233622979815 0.0429312426048303 0.0229142071633298 0.0371016072725635
-0.1691764066073704 0.0129018264566948 0.0033996217954469 0.0373877056150425 0.0394261898156886 0.0471889329516860 0.0394276246744989 0.0486856112691543 0.0275456285193382 0.0493487492952422 0.0502952046717437 0.0268446629830542 0.0434656166046842
-0.1444117332278043 0.0110132089797825 0.0029019724773970 0.0319147538214940 0.0336548371018772 0.0394276246744989 0.0346560619207033 0.0415588299079488 0.0235133966792362 0.0421248953164598 0.0429328050249368 0.0229150410925577 0.0371029575315747
-0.1783210011933860 0.0135992166822681 0.0035833836076793 0.0394086458702894 0.0415573174898477 0.0486856112691543 0.0415588299079488 0.0523172440491437 0.0290345690310665 0.0520162270758718 0.0530138417770416 0.0282957137808642 0.0458150898572016
-0.1008914939757884 0.0076942439689789 0.0020274276347016 0.0222968530392244 0.0235125409745199 0.0275456285193382 0.0235133966792362 0.0290345690310665 0.0174273474626280 0.0294300437163719 0.0299944799686341 0.0160093136386483 0.0259215282069620
-0.1807498797400197 0.0137844491867378 0.0036321922365610 0.0399454240055940 0.0421233622979816 0.0493487492952422 0.0421248953164598 0.0520162270758718 0.0294300437163719 0.0537247308257156 0.0537359338587659 0.0286811246506108 0.0464391290232086
-0.1842164659843528 0.0140488199404289 0.0037018537359885 0.0407115338230999 0.0429312426048303 0.0502952046717437 0.0429328050249368 0.0530138417770416 0.0299944799686341 0.0537359338587659 0.0557665306669581 0.0292311974491588 0.0473297810452305
-0.0983240644422211 0.0074984452110661 0.0019758348057981 0.0217294553653209 0.0229142071633298 0.0268446629830542 0.0229150410925577 0.0282957137808642 0.0160093136386483 0.0286811246506108 0.0292311974491588 0.0166019177023975 0.0252618918545682
-0.1592017039199799 0.0121411300593034 0.0031991788534363 0.0351833128444876 0.0371016072725635 0.0434656166046842 0.0371029575315747 0.0458150898572016 0.0259215282069620 0.0464391290232086 0.0473297810452305 0.0252618918545682 0.0419028679835834


1.0089999999999999 1.0089999999999999 1.0089999999999999 1.0089999999999999 1.0089999999999999 1.0089999999999999 1.0089999999999999 1.0089999999999999 1.0089999999999999 1.0089999999999999 1.0089999999999999 1.0089999999999999 1.0089999999999999



13

0.6206431639267298 -0.0472555761549770 -0.0124518096094447 -0.1369401127725382 -0.1444064777641680 -0.1691764066073704 -0.1444117332278043 -0.1783210011933860 -0.1008914939757884 -0.1807498797400197 -0.1842164659843528 -0.0983240644422210 -0.1592017039199799
-0.0472555761549770 0.0046038313786721 0.0009496069214054 0.0104434040501397 0.0110128081846531 0.0129018264566948 0.0110132089797825 0.0135992166822681 0.0076942439689789 0.0137844491867378 0.0140488199404289 0.0074984452110661 0.0121411300593034
-0.0124518096094447 0.0009496069214054 0.0012502207263408 0.0027518292969357 0.0029018668681747 0.0033996217954469 0.0029019724773970 0.0035833836076793 0.0020274276347016 0.0036321922365610 0.0037018537359885 0.0019758348057981 0.0031991788534363
-0.1369401127725382 0.0104434040501397 0.0027518292969357 0.0312635380778168 0.0319135923727362 0.0373877056150425 0.0319147538214940 0.0394086458702894 0.0222968530392244 0.0399454240055940 0.0407115338230999 0.0217294553653209 0.0351833128444876
-0.1444064777641680 0.0110128081846531 0.0029018668681747 0.0319135923727362 0.0346536123276250 0.0394261898156886 0.0336548371018772 0.0415573174898477 0.0235125409745199 0.0421233622979815 0.0429312426048303 0.0229142071633298 0.0371016072725635
-0.1691764066073704 0.0129018264566948 0.0033996217954469 0.0373877056150425 0.0394261898156886 0.0471889329516860 0.0394276246744989 0.0486856112691543 0.0275456285193382 0.0493487492952422 0.0502952046717437 0.0268446629830542 0.0434656166046842
-0.1444117332278043 0.0110132089797825 0.0029019724773970 0.0319147538214940 0.0336548371018772 0.0394276246744989 0.0346560619207033 0.0415588299079488 0.0235133966792362 0.0421248953164598 0.0429328050249368 0.0229150410925577 0.0371029575315747
-0.1783210011933860 0.0135992166822681 0.0035833836076793 0.0394086458702894 0.0415573174898477 0.0486856112691543 0.0415588299079488 0.0523172440491437 0.0290345690310665 0.0520162270758718 0.0530138417770416 0.0282957137808642 0.0458150898572016
-0.1008914939757884 0.0076942439689789 0.0020274276347016 0.0222968530392244 0.0235125409745199 0.0275456285193382 0.0235133966792362 0.0290345690310665 0.0174273474626280 0.0294300437163719 0.0299944799686341 0.0160093136386483 0.0259215282069620
-0.1807498797400197 0.0137844491867378 0.0036321922365610 0.0399454240055940 0.0421233622979816 0.0493487492952422 0.0421248953164598 0.0520162270758718 0.0294300437163719 0.0537247308257156 0.0537359338587659 0.0286811246506108 0.0464391290232086
-0.1842164659843528 0.0140488199404289 0.0037018537359885 0.0407115338230999 0.0429312426048303 0.0502952046717437 0.0429328050249368 0.0530138417770416 0.0299944799686341 0.0537359338587659 0.0557665306669581 0.0292311974491588 0.0473297810452305
-0.0983240644422211 0.0074984452110661 0.0019758348057981 0.0217294553653209 0.0229142071633298 0.0268446629830542 0.0229150410925577 0.0282957137808642 0.0160093136386483 0.0286811246506108 0.0292311974491588 0.0166019177023975 0.0252618918545682
-0.1592017039199799 0.0121411300593034 0.0031991788534363 0.0351833128444876 0.0371016072725635 0.0434656166046842 0.0371029575315747 0.0458150898572016 0.0259215282069620 0.0464391290232086 0.0473297810452305 0.0252618918545682 0.0419028679835834


1.0100000000000000 1.0100000000000000 1.0100000000000000 1.0100000000000000 1.0100000000000000 1.0100000000000000 1.0100000000000000 1.0100000000000000 1.0100000000000000 1.0100000000000000 1.0100000000000000 1.0100000000000000 1.0100000000000000



13

0.6206431639267298 -0.0472555761549770 -0.0124518096094447 -0.1369401127725382 -0.1444064777641680 -0.1691764066073704 -0.1444117332278043 -0.1783210011933860 -0.1008914939757884 -0.1807498797400197 -0.1842164659843528 -0.0983240644422210 -0.1592017039199799
-0.0472555761549770 0.0046038313786721 0.0009496069214054 0.0104434040501397 0.0110128081846531 0.0129018264566948 0.0110132089797825 0.0135992166822681 0.0076942439689789 0.0137844491867378 0.0140488199404289 0.0074984452110661 0.0121411300593034
-0.0124518096094447 0.0009496069214054 0.0012502207263408 0.0027518292969357 0.0029018668681747 0.0033996217954469 0.0029019724773970 0.0035833836076793 0.0020274276347016 0.0036321922365610 0.0037018537359885 0.0019758348057981 0.0031991788534363
-0.1369401127725382 0.0104434040501397 0.0027518292969357 0.0312635380778168 0.0319135923727362 0.0373877056150425 0.0319147538214940 0.0394086458702894 0.0222968530392244 0.0399454240055940 0.0407115338230999 0.0217294553653209 0.0351833128444876
-0.1444064777641680 0.0110128081846531 0.0029018668681747 0.0319135923727362 0.0346536123276250 0.0394261898156886 0.0336548371018772 0.0415573174898477 0.0235125409745199 0.0421233622979815 0.0429312426048303 0.0229142071633298 0.0371016072725635
